Some((
    red: 0.78431374,
    green: 0.7529412,
    blue: 0.5764706,
))